A =

   1   2
   2   1

x1 =

   1
   0

x2 =

   0
   1

Ax1 =

   1
   2

Ax2 =

   2
   1

