Given set of vectors is linearly independent.
Orthonormal basis {e1, e2, e3}:
e1 =

   0.26726  -0.53452   0.80178

e2 =

   0.94346   0.31449  -0.10483

e3 =

   0.19612  -0.78446  -0.58835

