A =
   1   2   3
   2   4   5
   3   5   0
unit_eigenvectors =

  -0.330266   0.855839   0.398075
  -0.445164  -0.513122   0.733849
   0.832318   0.065156   0.550455

eigenvalues =

  -3.864649   0.029286   8.835363

characteristic_polynomial = 1*x^3 - 5*x^2 - 34*x^1 + 1

Vieta's formulae are valid for matrix A.
